pointpillars_multihead:
sweeps, fps_max, fps_3q, fps_median, fps_1q, fps_min, mATE, mASE, mAOE, mAVE, mAAE, mAP, NDS
1, 31.10647670891521, 27.916615638561275, 27.3997831171037, 26.8086300402356, 17.139335888655513, 0.3662, 0.2698, 0.6259, 1.7400, 0.3330, 0.3054, 0.3932,
2, 29.233081029844296, 26.019901238244124, 20.75822919502116, 17.143083692158037, 10.323220887132106, 0.3575, 0.2634, 0.4157, 0.8867, 0.2348, 0.3626, 0.4655
3, 29.103262604254848, 24.89223346201895, 19.545481658216524, 15.28943195529423, 8.978091533935112, 0.3453, 0.2614, 0.3740, 0.6114, 0.2139, 0.3929, 0.5158
4, 28.67625663184379, 18.18755149297094, 15.396348312544507, 13.162379161390643, 9.394137712467048, 0.3431, 0.2605, 0.3432, 0.4719, 0.2085, 0.4125, 0.5435
5, 28.2513201853648, 17.900241341268504, 15.66277801843249, 13.496272222669134, 9.472102907368011, 0.3405, 0.2596, 0.3400, 0.3941, 0.2060, 0.4219, 0.5569
6, 26.274996711165123, 17.336706181902354, 15.26505923243499, 13.296487971735123, 9.532682412407498, 0.3378, 0.2585, 0.3300, 0.3602, 0.2032, 0.4319, 0.5670
7, 26.512499920986592, 17.213227040947192, 15.33112314086139, 13.508856291195563, 8.883414169225881, 0.3364, 0.2593, 0.3282, 0.3335, 0.2034, 0.4381, 0.5730
8, 26.986031848158277, 16.98900088503282, 15.184265115285617, 13.295623920244719, 9.576779932688838, 0.3389, 0.2594, 0.3288, 0.3071, 0.2023, 0.4418, 0.5772
9, 25.39770504707984, 16.22513940655264, 13.898686778647809, 12.093674492096719, 9.47554812547301, 0.3375, 0.2599, 0.3236, 0.2999, 0.2016, 0.4459, 0.5807
10, 23.76187724486443, 14.501671685757652, 12.837177984335739, 11.65839001353654, 10.073405159784233, 0.3379, 0.2598, 0.3156, 0.2886, 0.2025, 0.4474, 0.5832

second_multihead:
sweeps, fps_max, fps_3q, fps_median, fps_1q, fps_min, mATE, mASE, mAOE, mAVE, mAAE, mAP, NDS
1, 19.840230080793173, 17.03225701656606, 16.557073155326776, 16.129798161397815, 6.088734625027037, 0.3412, 0.2639, 0.5308, 1.5555, 0.3270, 0.3510, 0.4292
2, 18.343774327574895, 15.65085524941043, 14.99658185666681, 14.35397751578515, 8.588057036618427, 0.3274, 0.2596, 0.3321, 0.8169, 0.2249, 0.4344, 0.5211
3, 18.27384380786407, 12.440173449836575, 11.051223477273385, 9.771158534525636, 7.321934009611742, 0.3207, 0.2576, 0.2936, 0.5440, 0.2137, 0.4679, 0.5710
4, 18.158024841009745, 12.070599543572166, 10.733818546612207, 9.478835186664602, 7.178364464708077, 0.3152, 0.2562, 0.2769, 0.4280, 0.2061, 0.4874, 0.5955
5, 18.170217558938457, 12.129206887178212, 10.661786088318133, 9.516925126015241, 7.263580994141413, 0.3150, 0.2556, 0.2720, 0.3614, 0.2044, 0.4980, 0.6082
6, 18.210293236542988, 11.678077071392874, 10.285400400204026, 9.185535910017181, 7.167863502599316, 0.3124, 0.2555, 0.2646, 0.3267, 0.2021, 0.5051, 0.6164
7, 18.049954383488544, 10.97914924304593, 9.821506932394808, 8.845253033086102, 7.001510707662209, 0.3104, 0.2550, 0.2648, 0.3008, 0.2057, 0.5074, 0.6200
8, 18.092621989095175, 10.712913949149273, 9.542224810716366, 8.651313794689543, 7.298986151377727, 0.3115, 0.2547, 0.2649, 0.2785, 0.2052, 0.5075, 0.6223
9, 17.524971483247192, 10.338093260391878, 9.380166656975574, 8.58585953700311, 7.336072354946418, 0.3107, 0.250, 0.2672, 0.2689, 0.238, 0.5075, 0.6232
10, 17.054730575931558, 10.024195899793986, 9.184459811594266, 8.522955345104888, 7.506302223988002, 0.3126, 0.2552, 0.2625, 0.2616, 0.2031, 0.5066, 0.6231